1,2,3,4,5,6,7,8,9,10,11,12,13,14,15,16,17,18,19,20,21,22,23,24,25,26,27,28,29,30,31,32,33,34,35,36,37,38,39,40,41,42,43,44,45,46,47,48,49,50,51,52,53,54,55,56,57,58,59,60,61,62,63,64,65,66,67,68,69,70,71,72,73,74,75,76,77,78,79,80,81,82,83,84,85,86,87,88,89,90,91,92,93,94,95,96,97,98,99,100,101,102,103,104,105,106,107,108,109,110,111,112,113,114,115,116,117,118,119,120,121,122,123,124,125,126,127,128,129,130,131,132,133,134,135,136,137,138,139,140,141,142,143,144,145,146,147,148,149,150,151,152,153,154,155,156,157,158,159,160,161,162,163,164,165,166,167,168,169,170,171,172,173,174,175,176,177,178,179,180,181,182,183,184,185,186,187,188,189,190,191,192,193,194,195,196,197,198,199,200,201,202,203,204,205,206,207,208,209,210,211,212,213,214,215,216,217,218,219,220,221
"[2.00e+00 1.00e+00 2.00e+00 1.00e+06 1.00e+00 0.00e+00 1.00e+00 1.00e+03
 5.12e+02 1.00e+04 2.00e+00 2.90e+01]","[4.000e+00 1.000e+00 2.000e+00 1.000e+06 1.000e+01 0.000e+00 1.000e+03
 1.000e+03 1.024e+03 1.000e+04 2.000e+00 0.000e+00]","[4.000e+00 1.000e+01 2.000e+00 1.000e+01 1.000e+00 0.000e+00 1.000e+00
 1.000e+01 1.024e+03 1.000e+02 5.000e+00 0.000e+00]",[  2.  10.   4.  10.  10.   1.   1.  10. 512. 100.   2.   0.],"[4.00e+00 1.00e+01 2.00e+00 1.00e+01 1.00e+00 1.00e+00 1.00e+03 1.00e+03
 5.12e+02 1.00e+04 2.00e+00 0.00e+00]","[2.000e+00 1.000e+01 2.000e+00 1.000e+06 1.000e+00 0.000e+00 1.000e+03
 1.000e+01 1.024e+03 1.000e+02 2.000e+00 0.000e+00]","[2.000e+00 1.000e+01 4.000e+00 1.000e+01 1.000e+01 0.000e+00 1.000e+00
 1.000e+01 1.024e+03 1.000e+02 5.000e+00 2.900e+01]","[2.000e+00 1.000e+01 4.000e+00 1.000e+01 1.000e+00 1.000e+00 1.000e+00
 1.000e+01 1.024e+03 1.000e+02 2.000e+00 2.900e+01]","[4.000e+00 1.000e+00 2.000e+00 1.000e+01 1.000e+01 0.000e+00 1.000e+00
 1.000e+01 1.024e+03 1.000e+02 2.000e+00 0.000e+00]","[2.000e+00 1.000e+01 2.000e+00 1.000e+01 1.000e+00 0.000e+00 1.000e+00
 1.000e+01 1.024e+03 1.000e+02 5.000e+00 2.900e+01]","[4.00e+00 1.00e+00 2.00e+00 1.00e+01 1.00e+00 1.00e+00 1.00e+03 1.00e+03
 5.12e+02 1.00e+04 5.00e+00 0.00e+00]",[   4.   10.    2.   10.    1.    1. 1000.   10.  512.  100.    2.    0.],[  4.  10.   2.  10.   1.   1.   1.  10. 512. 100.   2.   0.],"[4.00e+00 1.00e+01 4.00e+00 1.00e+01 1.00e+00 0.00e+00 1.00e+03 1.00e+03
 5.12e+02 1.00e+04 2.00e+00 2.90e+01]",[   4.   10.    4.   10.    1.    0. 1000.   10.  512.  100.    2.   29.],[   4.   10.    4.   10.   10.    0. 1000.   10.  512.  100.    2.   29.],[   4.   10.    4.   10.    1.    0. 1000.   10.  512.  100.    5.   29.],[   4.    1.    2.   10.    1.    0. 1000.   10.  512.  100.    2.   29.],"[4.00e+00 1.00e+01 2.00e+00 1.00e+06 1.00e+00 1.00e+00 1.00e+03 1.00e+01
 5.12e+02 1.00e+02 2.00e+00 2.90e+01]","[2.00e+00 1.00e+01 4.00e+00 1.00e+01 1.00e+00 0.00e+00 1.00e+03 1.00e+03
 5.12e+02 1.00e+04 2.00e+00 0.00e+00]","[2.00e+00 1.00e+00 4.00e+00 1.00e+01 1.00e+00 0.00e+00 1.00e+03 1.00e+03
 5.12e+02 1.00e+04 2.00e+00 2.90e+01]","[2.000e+00 1.000e+00 4.000e+00 1.000e+01 1.000e+00 1.000e+00 1.000e+03
 1.000e+03 1.024e+03 1.000e+04 2.000e+00 2.900e+01]","[2.000e+00 1.000e+00 4.000e+00 1.000e+01 1.000e+00 0.000e+00 1.000e+03
 1.000e+03 1.024e+03 1.000e+04 2.000e+00 0.000e+00]","[4.00e+00 1.00e+00 4.00e+00 1.00e+06 1.00e+01 1.00e+00 1.00e+03 1.00e+03
 5.12e+02 1.00e+04 2.00e+00 2.90e+01]","[2.000e+00 1.000e+01 2.000e+00 1.000e+01 1.000e+00 0.000e+00 1.000e+03
 1.000e+03 1.024e+03 1.000e+04 2.000e+00 2.900e+01]","[2.00e+00 1.00e+00 4.00e+00 1.00e+01 1.00e+00 1.00e+00 1.00e+03 1.00e+03
 5.12e+02 1.00e+04 5.00e+00 2.90e+01]","[2.000e+00 1.000e+00 2.000e+00 1.000e+01 1.000e+01 1.000e+00 1.000e+03
 1.000e+03 1.024e+03 1.000e+04 2.000e+00 0.000e+00]","[2.000e+00 1.000e+01 4.000e+00 1.000e+01 1.000e+01 1.000e+00 1.000e+03
 1.000e+01 1.024e+03 1.000e+02 2.000e+00 2.900e+01]","[2.000e+00 1.000e+01 4.000e+00 1.000e+01 1.000e+00 0.000e+00 1.000e+03
 1.000e+01 1.024e+03 1.000e+02 2.000e+00 0.000e+00]","[2.00e+00 1.00e+01 2.00e+00 1.00e+01 1.00e+01 1.00e+00 1.00e+03 1.00e+03
 5.12e+02 1.00e+04 2.00e+00 0.00e+00]",[   2.    1.    4.   10.   10.    1. 1000.   10.  512.  100.    2.   29.],"[2.00e+00 1.00e+00 2.00e+00 1.00e+01 1.00e+00 0.00e+00 1.00e+03 1.00e+03
 5.12e+02 1.00e+04 2.00e+00 2.90e+01]","[2.000e+00 1.000e+01 4.000e+00 1.000e+01 1.000e+00 0.000e+00 1.000e+03
 1.000e+03 1.024e+03 1.000e+04 5.000e+00 2.900e+01]",[   2.    1.    4.   10.    1.    0. 1000.   10.  512.  100.    2.    0.],[   2.    1.    2.   10.    1.    1. 1000.   10.  512.  100.    2.   29.],"[4.00e+00 1.00e+00 4.00e+00 1.00e+01 1.00e+01 1.00e+00 1.00e+03 1.00e+03
 5.12e+02 1.00e+04 2.00e+00 0.00e+00]",[   2.    1.    4.   10.    1.    0. 1000.   10.  512.  100.    2.    0.],"[2.000e+00 1.000e+01 4.000e+00 1.000e+01 1.000e+00 1.000e+00 1.000e+03
 1.000e+03 1.024e+03 1.000e+04 2.000e+00 2.900e+01]",[   2.    1.    4.   10.   10.    0. 1000.   10.  512.  100.    2.    0.],[   2.    1.    4.   10.    1.    1. 1000.   10.  512.  100.    2.   29.],"[2.00e+00 1.00e+00 4.00e+00 1.00e+01 1.00e+00 1.00e+00 1.00e+03 1.00e+03
 5.12e+02 1.00e+04 2.00e+00 0.00e+00]","[2.000e+00 1.000e+00 4.000e+00 1.000e+01 1.000e+00 0.000e+00 1.000e+03
 1.000e+03 1.024e+03 1.000e+04 2.000e+00 0.000e+00]","[2.00e+00 1.00e+00 4.00e+00 1.00e+01 1.00e+01 1.00e+00 1.00e+03 1.00e+03
 5.12e+02 1.00e+04 2.00e+00 2.90e+01]","[2.000e+00 1.000e+00 4.000e+00 1.000e+01 1.000e+00 1.000e+00 1.000e+03
 1.000e+03 1.024e+03 1.000e+04 2.000e+00 0.000e+00]","[2.000e+00 1.000e+01 2.000e+00 1.000e+01 1.000e+00 0.000e+00 1.000e+03
 1.000e+01 1.024e+03 1.000e+02 2.000e+00 0.000e+00]","[2.000e+00 1.000e+00 4.000e+00 1.000e+01 1.000e+00 0.000e+00 1.000e+03
 1.000e+03 1.024e+03 1.000e+04 5.000e+00 0.000e+00]","[2.000e+00 1.000e+00 4.000e+00 1.000e+01 1.000e+00 0.000e+00 1.000e+03
 1.000e+03 1.024e+03 1.000e+04 2.000e+00 2.900e+01]","[4.000e+00 1.000e+01 2.000e+00 1.000e+01 1.000e+00 0.000e+00 1.000e+03
 1.000e+03 1.024e+03 1.000e+04 2.000e+00 0.000e+00]","[2.000e+00 1.000e+00 4.000e+00 1.000e+01 1.000e+00 0.000e+00 1.000e+03
 1.000e+01 1.024e+03 1.000e+02 2.000e+00 0.000e+00]",[   4.    1.    4.   10.    1.    1. 1000.   10.  512.  100.    2.    0.],"[2.00e+00 1.00e+00 4.00e+00 1.00e+01 1.00e+00 0.00e+00 1.00e+03 1.00e+03
 5.12e+02 1.00e+04 2.00e+00 0.00e+00]","[4.000e+00 1.000e+00 4.000e+00 1.000e+01 1.000e+00 0.000e+00 1.000e+03
 1.000e+03 1.024e+03 1.000e+04 2.000e+00 2.900e+01]","[2.000e+00 1.000e+00 2.000e+00 1.000e+01 1.000e+01 1.000e+00 1.000e+03
 1.000e+01 1.024e+03 1.000e+02 2.000e+00 0.000e+00]","[2.00e+00 1.00e+00 2.00e+00 1.00e+01 1.00e+00 0.00e+00 1.00e+03 1.00e+03
 5.12e+02 1.00e+04 2.00e+00 0.00e+00]",[   2.   10.    2.   10.   10.    0. 1000.   10.  512.  100.    2.   29.],"[2.00e+00 1.00e+01 2.00e+00 1.00e+01 1.00e+01 0.00e+00 1.00e+03 1.00e+03
 5.12e+02 1.00e+04 2.00e+00 2.90e+01]",[   2.    1.    4.   10.   10.    1. 1000.   10.  512.  100.    2.    0.],[   2.   10.    4.   10.   10.    0. 1000.   10. 1024.  100.    2.   29.],"[2.00e+00 1.00e+00 4.00e+00 1.00e+01 1.00e+01 0.00e+00 1.00e+03 1.00e+03
 5.12e+02 1.00e+04 2.00e+00 2.90e+01]","[2.000e+00 1.000e+00 2.000e+00 1.000e+01 1.000e+01 0.000e+00 1.000e+03
 1.000e+03 1.024e+03 1.000e+04 2.000e+00 0.000e+00]",[   2.    1.    4.   10.   10.    1. 1000.   10.  512.  100.    2.    0.],[   2.    1.    4.   10.   10.    0. 1000.   10.  512.  100.    2.   29.],"[2.00e+00 1.00e+00 4.00e+00 1.00e+01 1.00e+00 1.00e+00 1.00e+03 1.00e+03
 5.12e+02 1.00e+04 2.00e+00 2.90e+01]","[2.000e+00 1.000e+00 4.000e+00 1.000e+01 1.000e+01 0.000e+00 1.000e+03
 1.000e+03 1.024e+03 1.000e+04 2.000e+00 0.000e+00]",[   2.    1.    2.   10.   10.    0. 1000.   10.  512.  100.    2.    0.],"[4.000e+00 1.000e+01 4.000e+00 1.000e+01 1.000e+00 1.000e+00 1.000e+03
 1.000e+01 1.024e+03 1.000e+02 2.000e+00 2.900e+01]","[2.000e+00 1.000e+00 4.000e+00 1.000e+01 1.000e+01 0.000e+00 1.000e+03
 1.000e+03 1.024e+03 1.000e+04 2.000e+00 0.000e+00]","[2.00e+00 1.00e+00 4.00e+00 1.00e+01 1.00e+00 0.00e+00 1.00e+03 1.00e+03
 5.12e+02 1.00e+04 2.00e+00 2.90e+01]",[   4.   10.    4.   10.   10.    0. 1000.   10. 1024.  100.    2.   29.],"[2.00e+00 1.00e+00 4.00e+00 1.00e+01 1.00e+00 0.00e+00 1.00e+00 1.00e+03
 5.12e+02 1.00e+04 2.00e+00 0.00e+00]","[2.000e+00 1.000e+00 4.000e+00 1.000e+01 1.000e+01 0.000e+00 1.000e+03
 1.000e+01 1.024e+03 1.000e+02 2.000e+00 0.000e+00]",[   2.   10.    2.   10.   10.    0. 1000.   10. 1024.  100.    2.    0.],"[2.000e+00 1.000e+00 2.000e+00 1.000e+01 1.000e+01 0.000e+00 1.000e+03
 1.000e+01 1.024e+03 1.000e+02 2.000e+00 0.000e+00]","[2.00e+00 1.00e+01 2.00e+00 1.00e+01 1.00e+01 0.00e+00 1.00e+03 1.00e+03
 5.12e+02 1.00e+04 2.00e+00 0.00e+00]",[   2.    1.    4.   10.    1.    0. 1000.   10.  512.  100.    2.   29.],[   2.    1.    2.   10.   10.    0. 1000.   10.  512.  100.    2.   29.],[   2.    1.    4.   10.   10.    0. 1000.   10.  512.  100.    2.    0.],"[2.000e+00 1.000e+00 4.000e+00 1.000e+01 1.000e+00 0.000e+00 1.000e+03
 1.000e+03 1.024e+03 1.000e+04 2.000e+00 2.900e+01]",[   2.    1.    2.   10.   10.    1. 1000.   10.  512.  100.    2.    0.],[   2.    1.    4.   10.   10.    0. 1000.   10.  512.  100.    2.   29.],"[2.000e+00 1.000e+00 4.000e+00 1.000e+01 1.000e+00 0.000e+00 1.000e+03
 1.000e+01 1.024e+03 1.000e+02 2.000e+00 2.900e+01]",[   2.   10.    4.   10.   10.    1. 1000.   10.  512.  100.    2.    0.],"[2.000e+00 1.000e+00 4.000e+00 1.000e+01 1.000e+00 0.000e+00 1.000e+03
 1.000e+01 1.024e+03 1.000e+02 2.000e+00 2.900e+01]","[2.00e+00 1.00e+00 4.00e+00 1.00e+01 1.00e+00 1.00e+00 1.00e+03 1.00e+03
 5.12e+02 1.00e+04 2.00e+00 2.90e+01]","[2.00e+00 1.00e+00 4.00e+00 1.00e+01 1.00e+01 0.00e+00 1.00e+03 1.00e+03
 5.12e+02 1.00e+04 2.00e+00 0.00e+00]","[2.00e+00 1.00e+00 4.00e+00 1.00e+01 1.00e+00 0.00e+00 1.00e+03 1.00e+03
 5.12e+02 1.00e+04 2.00e+00 0.00e+00]","[2.000e+00 1.000e+00 4.000e+00 1.000e+01 1.000e+00 0.000e+00 1.000e+03
 1.000e+01 1.024e+03 1.000e+02 2.000e+00 0.000e+00]","[2.00e+00 1.00e+01 4.00e+00 1.00e+01 1.00e+01 0.00e+00 1.00e+03 1.00e+03
 5.12e+02 1.00e+04 2.00e+00 0.00e+00]","[2.000e+00 1.000e+00 4.000e+00 1.000e+01 1.000e+00 1.000e+00 1.000e+03
 1.000e+03 1.024e+03 1.000e+04 2.000e+00 0.000e+00]","[2.00e+00 1.00e+00 4.00e+00 1.00e+06 1.00e+00 0.00e+00 1.00e+03 1.00e+01
 5.12e+02 1.00e+02 2.00e+00 2.90e+01]","[2.00e+00 1.00e+00 2.00e+00 1.00e+01 1.00e+01 0.00e+00 1.00e+03 1.00e+03
 5.12e+02 1.00e+04 2.00e+00 0.00e+00]","[2.00e+00 1.00e+01 4.00e+00 1.00e+01 1.00e+01 0.00e+00 1.00e+03 1.00e+03
 5.12e+02 1.00e+04 2.00e+00 0.00e+00]",[   2.    1.    4.   10.   10.    1. 1000.   10.  512.  100.    5.   29.],"[4.000e+00 1.000e+00 4.000e+00 1.000e+01 1.000e+00 0.000e+00 1.000e+03
 1.000e+01 1.024e+03 1.000e+02 2.000e+00 2.900e+01]",[   2.    1.    2.   10.   10.    1. 1000.   10.  512.  100.    2.    0.],"[2.000e+00 1.000e+00 4.000e+00 1.000e+01 1.000e+00 1.000e+00 1.000e+03
 1.000e+03 1.024e+03 1.000e+04 2.000e+00 2.900e+01]","[2.00e+00 1.00e+00 2.00e+00 1.00e+01 1.00e+01 0.00e+00 1.00e+03 1.00e+03
 5.12e+02 1.00e+04 2.00e+00 2.90e+01]","[2.00e+00 1.00e+00 4.00e+00 1.00e+01 1.00e+01 1.00e+00 1.00e+03 1.00e+03
 5.12e+02 1.00e+04 2.00e+00 0.00e+00]","[2.000e+00 1.000e+00 4.000e+00 1.000e+01 1.000e+00 1.000e+00 1.000e+03
 1.000e+01 1.024e+03 1.000e+02 2.000e+00 0.000e+00]","[2.000e+00 1.000e+00 2.000e+00 1.000e+01 1.000e+00 0.000e+00 1.000e+03
 1.000e+03 1.024e+03 1.000e+04 2.000e+00 0.000e+00]",[   2.   10.    2.   10.   10.    0. 1000.   10.  512.  100.    2.    0.],[   2.   10.    2.   10.   10.    1. 1000.   10.  512.  100.    5.    0.],"[2.000e+00 1.000e+00 4.000e+00 1.000e+01 1.000e+00 1.000e+00 1.000e+03
 1.000e+01 1.024e+03 1.000e+02 2.000e+00 2.900e+01]","[2.00e+00 1.00e+00 4.00e+00 1.00e+01 1.00e+01 0.00e+00 1.00e+03 1.00e+03
 5.12e+02 1.00e+04 2.00e+00 0.00e+00]",[   2.    1.    4.   10.    1.    1. 1000.   10.  512.  100.    2.    0.],"[2.000e+00 1.000e+00 4.000e+00 1.000e+01 1.000e+00 1.000e+00 1.000e+03
 1.000e+01 1.024e+03 1.000e+02 2.000e+00 2.900e+01]","[4.000e+00 1.000e+00 2.000e+00 1.000e+01 1.000e+01 0.000e+00 1.000e+03
 1.000e+01 1.024e+03 1.000e+02 2.000e+00 0.000e+00]",[   2.    1.    4.   10.    1.    0. 1000.   10.  512.  100.    2.   29.],[   2.    1.    4.   10.    1.    1. 1000.   10.  512.  100.    2.   29.],[   2.   10.    4.   10.   10.    0. 1000.   10.  512.  100.    2.    0.],"[2.000e+00 1.000e+00 4.000e+00 1.000e+06 1.000e+00 0.000e+00 1.000e+03
 1.000e+03 1.024e+03 1.000e+04 2.000e+00 2.900e+01]","[2.000e+00 1.000e+00 4.000e+00 1.000e+01 1.000e+00 1.000e+00 1.000e+03
 1.000e+01 1.024e+03 1.000e+02 2.000e+00 0.000e+00]","[4.000e+00 1.000e+00 4.000e+00 1.000e+01 1.000e+01 0.000e+00 1.000e+03
 1.000e+03 1.024e+03 1.000e+04 2.000e+00 2.900e+01]","[2.000e+00 1.000e+00 4.000e+00 1.000e+01 1.000e+00 1.000e+00 1.000e+00
 1.000e+01 1.024e+03 1.000e+02 2.000e+00 0.000e+00]","[2.00e+00 1.00e+00 4.00e+00 1.00e+01 1.00e+00 0.00e+00 1.00e+00 1.00e+03
 5.12e+02 1.00e+04 2.00e+00 2.90e+01]","[2.00e+00 1.00e+00 2.00e+00 1.00e+01 1.00e+01 1.00e+00 1.00e+03 1.00e+03
 5.12e+02 1.00e+04 2.00e+00 0.00e+00]","[2.00e+00 1.00e+01 4.00e+00 1.00e+01 1.00e+00 1.00e+00 1.00e+03 1.00e+03
 5.12e+02 1.00e+04 2.00e+00 0.00e+00]",[   2.   10.    4.   10.   10.    0. 1000.   10. 1024.  100.    2.    0.],"[2.000e+00 1.000e+00 4.000e+00 1.000e+01 1.000e+01 0.000e+00 1.000e+03
 1.000e+01 1.024e+03 1.000e+02 2.000e+00 0.000e+00]","[2.00e+00 1.00e+00 4.00e+00 1.00e+01 1.00e+01 1.00e+00 1.00e+03 1.00e+03
 5.12e+02 1.00e+04 2.00e+00 0.00e+00]","[2.00e+00 1.00e+00 4.00e+00 1.00e+01 1.00e+00 1.00e+00 1.00e+03 1.00e+03
 5.12e+02 1.00e+04 2.00e+00 0.00e+00]","[2.00e+00 1.00e+01 4.00e+00 1.00e+01 1.00e+01 1.00e+00 1.00e+03 1.00e+03
 5.12e+02 1.00e+04 5.00e+00 0.00e+00]","[2.00e+00 1.00e+00 2.00e+00 1.00e+01 1.00e+01 0.00e+00 1.00e+03 1.00e+03
 5.12e+02 1.00e+04 2.00e+00 2.90e+01]","[2.000e+00 1.000e+00 4.000e+00 1.000e+06 1.000e+00 0.000e+00 1.000e+03
 1.000e+01 1.024e+03 1.000e+02 2.000e+00 0.000e+00]","[2.00e+00 1.00e+01 2.00e+00 1.00e+01 1.00e+00 0.00e+00 1.00e+03 1.00e+03
 5.12e+02 1.00e+04 2.00e+00 2.90e+01]",[   2.    1.    4.   10.    1.    1. 1000.   10.  512.  100.    2.    0.],"[2.00e+00 1.00e+00 4.00e+00 1.00e+01 1.00e+01 0.00e+00 1.00e+03 1.00e+03
 5.12e+02 1.00e+04 2.00e+00 2.90e+01]",[  2.   1.   4.  10.   1.   1.   1.  10. 512. 100.   2.   0.],"[2.00e+00 1.00e+01 4.00e+00 1.00e+01 1.00e+00 0.00e+00 1.00e+03 1.00e+03
 5.12e+02 1.00e+04 2.00e+00 2.90e+01]","[2.000e+00 1.000e+00 2.000e+00 1.000e+01 1.000e+00 0.000e+00 1.000e+03
 1.000e+01 1.024e+03 1.000e+02 2.000e+00 2.900e+01]","[4.00e+00 1.00e+00 2.00e+00 1.00e+01 1.00e+00 1.00e+00 1.00e+03 1.00e+03
 5.12e+02 1.00e+04 2.00e+00 2.90e+01]",[   4.    1.    4.   10.    1.    0. 1000.   10.  512.  100.    2.    0.],"[2.000e+00 1.000e+00 4.000e+00 1.000e+01 1.000e+00 1.000e+00 1.000e+03
 1.000e+03 1.024e+03 1.000e+04 5.000e+00 2.900e+01]","[2.00e+00 1.00e+00 2.00e+00 1.00e+01 1.00e+00 0.00e+00 1.00e+03 1.00e+03
 5.12e+02 1.00e+04 2.00e+00 0.00e+00]","[2.00e+00 1.00e+00 2.00e+00 1.00e+01 1.00e+00 0.00e+00 1.00e+03 1.00e+03
 5.12e+02 1.00e+04 2.00e+00 2.90e+01]","[2.00e+00 1.00e+01 2.00e+00 1.00e+01 1.00e+00 1.00e+00 1.00e+03 1.00e+03
 5.12e+02 1.00e+04 2.00e+00 2.90e+01]",[   2.   10.    4.   10.   10.    0. 1000.   10.  512.  100.    2.    0.],"[2.000e+00 1.000e+00 2.000e+00 1.000e+01 1.000e+00 1.000e+00 1.000e+03
 1.000e+03 1.024e+03 1.000e+04 2.000e+00 2.900e+01]",[   4.    1.    4.   10.    1.    0. 1000.   10.  512.  100.    5.   29.],"[4.000e+00 1.000e+01 2.000e+00 1.000e+01 1.000e+00 0.000e+00 1.000e+03
 1.000e+03 1.024e+03 1.000e+04 2.000e+00 2.900e+01]","[4.000e+00 1.000e+00 4.000e+00 1.000e+01 1.000e+01 1.000e+00 1.000e+03
 1.000e+01 1.024e+03 1.000e+02 2.000e+00 0.000e+00]","[2.000e+00 1.000e+00 4.000e+00 1.000e+01 1.000e+00 0.000e+00 1.000e+03
 1.000e+01 1.024e+03 1.000e+02 5.000e+00 2.900e+01]",[   2.   10.    2.   10.   10.    0. 1000.   10.  512.  100.    2.    0.],"[4.000e+00 1.000e+01 2.000e+00 1.000e+01 1.000e+01 0.000e+00 1.000e+03
 1.000e+03 1.024e+03 1.000e+04 2.000e+00 2.900e+01]","[2.000e+00 1.000e+00 2.000e+00 1.000e+01 1.000e+00 1.000e+00 1.000e+03
 1.000e+01 1.024e+03 1.000e+02 2.000e+00 0.000e+00]","[2.00e+00 1.00e+00 2.00e+00 1.00e+01 1.00e+01 0.00e+00 1.00e+03 1.00e+03
 5.12e+02 1.00e+04 2.00e+00 0.00e+00]",[   2.    1.    2.   10.    1.    0. 1000.   10.  512.  100.    2.    0.],"[2.000e+00 1.000e+00 2.000e+00 1.000e+01 1.000e+01 0.000e+00 1.000e+03
 1.000e+03 1.024e+03 1.000e+04 2.000e+00 0.000e+00]",[   2.    1.    2.   10.   10.    0. 1000.   10.  512.  100.    2.    0.],"[2.00e+00 1.00e+00 2.00e+00 1.00e+01 1.00e+01 1.00e+00 1.00e+03 1.00e+03
 5.12e+02 1.00e+04 2.00e+00 0.00e+00]","[2.000e+00 1.000e+00 4.000e+00 1.000e+01 1.000e+01 1.000e+00 1.000e+03
 1.000e+01 1.024e+03 1.000e+02 2.000e+00 2.900e+01]",[   2.   10.    2.   10.   10.    0. 1000.   10.  512.  100.    2.   29.],[   2.    1.    2.   10.    1.    0. 1000.   10.  512.  100.    2.   29.],[   2.    1.    2.   10.   10.    1. 1000.   10.  512.  100.    2.   29.],[   2.   10.    2.   10.   10.    1. 1000.   10.  512.  100.    2.    0.],"[2.00e+00 1.00e+01 2.00e+00 1.00e+01 1.00e+01 0.00e+00 1.00e+03 1.00e+03
 5.12e+02 1.00e+04 2.00e+00 2.90e+01]","[2.000e+00 1.000e+01 4.000e+00 1.000e+01 1.000e+00 1.000e+00 1.000e+03
 1.000e+01 1.024e+03 1.000e+02 2.000e+00 0.000e+00]","[2.000e+00 1.000e+00 4.000e+00 1.000e+01 1.000e+01 1.000e+00 1.000e+03
 1.000e+03 1.024e+03 1.000e+04 2.000e+00 2.900e+01]","[2.000e+00 1.000e+01 4.000e+00 1.000e+01 1.000e+00 1.000e+00 1.000e+03
 1.000e+03 1.024e+03 1.000e+04 2.000e+00 0.000e+00]","[2.000e+00 1.000e+00 4.000e+00 1.000e+01 1.000e+01 1.000e+00 1.000e+03
 1.000e+01 1.024e+03 1.000e+02 2.000e+00 0.000e+00]","[2.00e+00 1.00e+00 4.00e+00 1.00e+06 1.00e+00 1.00e+00 1.00e+03 1.00e+01
 5.12e+02 1.00e+02 5.00e+00 2.90e+01]",[   2.   10.    2.   10.   10.    0. 1000.   10. 1024.  100.    2.    0.],"[2.000e+00 1.000e+01 4.000e+00 1.000e+01 1.000e+00 1.000e+00 1.000e+03
 1.000e+01 1.024e+03 1.000e+02 2.000e+00 2.900e+01]","[2.000e+00 1.000e+01 4.000e+00 1.000e+01 1.000e+00 0.000e+00 1.000e+03
 1.000e+03 1.024e+03 1.000e+04 2.000e+00 2.900e+01]",[   2.   10.    4.   10.    1.    0. 1000.   10.  512.  100.    2.   29.],"[2.000e+00 1.000e+01 4.000e+00 1.000e+01 1.000e+00 0.000e+00 1.000e+03
 1.000e+03 1.024e+03 1.000e+04 2.000e+00 2.900e+01]","[2.000e+00 1.000e+01 4.000e+00 1.000e+01 1.000e+00 0.000e+00 1.000e+03
 1.000e+01 1.024e+03 1.000e+02 2.000e+00 2.900e+01]","[2.000e+00 1.000e+00 2.000e+00 1.000e+01 1.000e+01 0.000e+00 1.000e+03
 1.000e+01 1.024e+03 1.000e+02 2.000e+00 0.000e+00]","[2.000e+00 1.000e+01 2.000e+00 1.000e+01 1.000e+01 1.000e+00 1.000e+03
 1.000e+03 1.024e+03 1.000e+04 2.000e+00 2.900e+01]","[2.000e+00 1.000e+01 2.000e+00 1.000e+01 1.000e+01 0.000e+00 1.000e+03
 1.000e+03 1.024e+03 1.000e+04 2.000e+00 0.000e+00]","[2.000e+00 1.000e+01 4.000e+00 1.000e+01 1.000e+00 0.000e+00 1.000e+03
 1.000e+01 1.024e+03 1.000e+02 2.000e+00 2.900e+01]","[2.00e+00 1.00e+01 4.00e+00 1.00e+01 1.00e+00 0.00e+00 1.00e+03 1.00e+03
 5.12e+02 1.00e+04 2.00e+00 2.90e+01]","[2.000e+00 1.000e+01 2.000e+00 1.000e+01 1.000e+01 0.000e+00 1.000e+03
 1.000e+03 1.024e+03 1.000e+04 2.000e+00 0.000e+00]","[2.000e+00 1.000e+01 4.000e+00 1.000e+01 1.000e+00 0.000e+00 1.000e+03
 1.000e+03 1.024e+03 1.000e+04 2.000e+00 0.000e+00]","[2.000e+00 1.000e+01 4.000e+00 1.000e+01 1.000e+00 1.000e+00 1.000e+03
 1.000e+03 1.024e+03 1.000e+04 2.000e+00 0.000e+00]","[2.000e+00 1.000e+01 2.000e+00 1.000e+01 1.000e+01 1.000e+00 1.000e+03
 1.000e+03 1.024e+03 1.000e+04 2.000e+00 2.900e+01]","[2.000e+00 1.000e+01 4.000e+00 1.000e+01 1.000e+00 1.000e+00 1.000e+03
 1.000e+03 1.024e+03 1.000e+04 2.000e+00 2.900e+01]","[2.000e+00 1.000e+01 2.000e+00 1.000e+01 1.000e+01 1.000e+00 1.000e+03
 1.000e+03 1.024e+03 1.000e+04 2.000e+00 0.000e+00]","[2.000e+00 1.000e+00 2.000e+00 1.000e+01 1.000e+01 0.000e+00 1.000e+03
 1.000e+01 1.024e+03 1.000e+02 2.000e+00 2.900e+01]","[2.000e+00 1.000e+01 2.000e+00 1.000e+01 1.000e+01 1.000e+00 1.000e+03
 1.000e+01 1.024e+03 1.000e+02 2.000e+00 2.900e+01]","[4.00e+00 1.00e+00 4.00e+00 1.00e+01 1.00e+00 0.00e+00 1.00e+03 1.00e+03
 5.12e+02 1.00e+04 2.00e+00 2.90e+01]","[2.000e+00 1.000e+01 2.000e+00 1.000e+01 1.000e+01 0.000e+00 1.000e+03
 1.000e+03 1.024e+03 1.000e+04 2.000e+00 2.900e+01]",[   2.   10.    4.   10.   10.    0. 1000.   10.  512.  100.    2.   29.],"[2.000e+00 1.000e+00 2.000e+00 1.000e+01 1.000e+00 0.000e+00 1.000e+03
 1.000e+03 1.024e+03 1.000e+04 2.000e+00 2.900e+01]","[2.000e+00 1.000e+01 4.000e+00 1.000e+01 1.000e+00 0.000e+00 1.000e+03
 1.000e+03 1.024e+03 1.000e+04 2.000e+00 0.000e+00]",[   2.   10.    2.   10.   10.    1. 1000.   10.  512.  100.    2.    0.],"[2.000e+00 1.000e+01 2.000e+00 1.000e+01 1.000e+01 1.000e+00 1.000e+03
 1.000e+01 1.024e+03 1.000e+02 2.000e+00 0.000e+00]","[2.000e+00 1.000e+01 2.000e+00 1.000e+01 1.000e+01 1.000e+00 1.000e+03
 1.000e+03 1.024e+03 1.000e+04 2.000e+00 0.000e+00]","[2.000e+00 1.000e+00 2.000e+00 1.000e+01 1.000e+00 1.000e+00 1.000e+03
 1.000e+03 1.024e+03 1.000e+04 2.000e+00 2.900e+01]","[2.000e+00 1.000e+01 4.000e+00 1.000e+01 1.000e+01 0.000e+00 1.000e+03
 1.000e+03 1.024e+03 1.000e+04 2.000e+00 0.000e+00]","[2.000e+00 1.000e+00 2.000e+00 1.000e+01 1.000e+00 0.000e+00 1.000e+03
 1.000e+03 1.024e+03 1.000e+04 2.000e+00 2.900e+01]","[2.000e+00 1.000e+00 4.000e+00 1.000e+06 1.000e+00 0.000e+00 1.000e+03
 1.000e+03 1.024e+03 1.000e+04 2.000e+00 2.900e+01]","[2.000e+00 1.000e+00 2.000e+00 1.000e+01 1.000e+00 1.000e+00 1.000e+03
 1.000e+01 1.024e+03 1.000e+02 2.000e+00 2.900e+01]",[   2.    1.    2.   10.   10.    0. 1000.   10.  512.  100.    2.   29.],"[2.000e+00 1.000e+01 2.000e+00 1.000e+01 1.000e+00 1.000e+00 1.000e+03
 1.000e+03 1.024e+03 1.000e+04 2.000e+00 0.000e+00]","[2.000e+00 1.000e+01 4.000e+00 1.000e+01 1.000e+01 0.000e+00 1.000e+03
 1.000e+03 1.024e+03 1.000e+04 2.000e+00 0.000e+00]",[   2.   10.    2.   10.   10.    1. 1000.   10.  512.  100.    2.   29.],"[2.000e+00 1.000e+00 4.000e+00 1.000e+01 1.000e+00 1.000e+00 1.000e+00
 1.000e+01 1.024e+03 1.000e+02 2.000e+00 0.000e+00]","[2.000e+00 1.000e+01 2.000e+00 1.000e+01 1.000e+01 0.000e+00 1.000e+03
 1.000e+03 1.024e+03 1.000e+04 2.000e+00 2.900e+01]","[2.00e+00 1.00e+01 2.00e+00 1.00e+01 1.00e+01 0.00e+00 1.00e+03 1.00e+03
 5.12e+02 1.00e+04 2.00e+00 0.00e+00]",[   2.   10.    4.   10.   10.    0. 1000.   10.  512.  100.    2.   29.],"[2.000e+00 1.000e+01 2.000e+00 1.000e+01 1.000e+01 0.000e+00 1.000e+00
 1.000e+03 1.024e+03 1.000e+04 2.000e+00 2.900e+01]","[2.00e+00 1.00e+01 4.00e+00 1.00e+01 1.00e+00 1.00e+00 1.00e+03 1.00e+03
 5.12e+02 1.00e+04 2.00e+00 0.00e+00]","[2.000e+00 1.000e+01 2.000e+00 1.000e+01 1.000e+00 1.000e+00 1.000e+03
 1.000e+03 1.024e+03 1.000e+04 2.000e+00 2.900e+01]","[2.00e+00 1.00e+01 2.00e+00 1.00e+01 1.00e+01 1.00e+00 1.00e+03 1.00e+03
 5.12e+02 1.00e+04 2.00e+00 2.90e+01]","[2.000e+00 1.000e+01 2.000e+00 1.000e+01 1.000e+00 1.000e+00 1.000e+03
 1.000e+03 1.024e+03 1.000e+04 2.000e+00 0.000e+00]","[2.000e+00 1.000e+01 2.000e+00 1.000e+06 1.000e+00 1.000e+00 1.000e+00
 1.000e+03 1.024e+03 1.000e+04 2.000e+00 0.000e+00]","[2.000e+00 1.000e+01 4.000e+00 1.000e+01 1.000e+00 0.000e+00 1.000e+03
 1.000e+01 1.024e+03 1.000e+02 2.000e+00 0.000e+00]","[4.00e+00 1.00e+01 4.00e+00 1.00e+01 1.00e+01 0.00e+00 1.00e+03 1.00e+03
 5.12e+02 1.00e+04 2.00e+00 2.90e+01]",[   2.   10.    2.   10.   10.    1. 1000.   10.  512.  100.    2.   29.],[   2.   10.    2.   10.   10.    0. 1000.   10. 1024.  100.    2.   29.],"[2.000e+00 1.000e+01 2.000e+00 1.000e+01 1.000e+01 1.000e+00 1.000e+03
 1.000e+01 1.024e+03 1.000e+02 2.000e+00 0.000e+00]","[2.00e+00 1.00e+01 4.00e+00 1.00e+01 1.00e+01 1.00e+00 1.00e+03 1.00e+03
 5.12e+02 1.00e+04 2.00e+00 0.00e+00]",[   2.   10.    4.   10.   10.    0. 1000.   10. 1024.  100.    2.    0.],"[2.00e+00 1.00e+01 4.00e+00 1.00e+01 1.00e+01 0.00e+00 1.00e+03 1.00e+03
 5.12e+02 1.00e+04 2.00e+00 2.90e+01]","[2.00e+00 1.00e+01 4.00e+00 1.00e+01 1.00e+00 0.00e+00 1.00e+03 1.00e+03
 5.12e+02 1.00e+04 2.00e+00 0.00e+00]","[2.00e+00 1.00e+01 2.00e+00 1.00e+01 1.00e+01 1.00e+00 1.00e+03 1.00e+03
 5.12e+02 1.00e+04 2.00e+00 2.90e+01]",[   2.    1.    2.   10.    1.    1. 1000.   10.  512.  100.    2.   29.],[   2.    1.    4.   10.   10.    1. 1000.   10.  512.  100.    2.   29.],[   2.   10.    2.   10.   10.    0. 1000.   10. 1024.  100.    2.   29.],"[2.000e+00 1.000e+00 2.000e+00 1.000e+01 1.000e+01 1.000e+00 1.000e+03
 1.000e+01 1.024e+03 1.000e+02 2.000e+00 2.900e+01]"
-0.00136312322716,-0.000213796550114,-0.0144142451143,-0.149863211061,-0.615073610016,-4.08528439707e-06,-0.133851619747,-0.0148037088935,-0.14434399184,-0.0146321269489,-0.223450077144,-0.593450199702,-0.0145585918297,-0.7093619739,-0.735413832501,-0.426353897293,-0.213181033931,-0.475380033581,-9.80468255298e-05,-0.895412634151,-1.0,-0.976747922973,-0.990031906071,-0.00121196770447,-0.808381097117,-0.388579995996,-0.778480900615,-0.739896751246,-0.878905361663,-0.789601044743,-0.795566921725,-0.863104843377,-0.302060481274,-0.957563427445,-0.84315095262,-0.48217113801,-0.957563427445,-0.906264511271,-0.476592001286,-0.954793604623,-0.972996270135,-0.990031906071,-0.757221080612,-0.987305659617,-0.768862779382,-0.375210221926,-0.980479149389,-0.603760095759,-0.945086968896,-0.714781784534,-0.988717806257,-0.719722255131,-0.759816597966,-0.857260163166,-0.803372538446,-0.727817927045,-0.781535331582,-0.767050274872,-0.780360131437,-0.758193378299,-0.781535331582,-0.763978141005,-0.964704504571,-0.765556422544,-0.435357864104,-0.721348198321,-0.765556422544,-1.0,-0.402449536524,-0.0150379318656,-0.786817604308,-0.812023809037,-0.776984324764,-0.765875074727,-0.973091593438,-0.731911382011,-0.476592001286,-0.980479149389,-0.732797888725,-0.763978141005,-0.984953897566,-0.731410253791,-0.984953897566,-0.964704504571,-0.455138811155,-0.988717806257,-0.945086968896,-0.77487223273,-0.987305659617,-2.72352293138e-05,-0.420505131798,-0.77487223273,-0.322565885424,-0.734768357566,-0.732797888725,-0.976747922973,-0.773194542605,-0.794360401066,-0.987492220938,-0.832051234913,-0.813821334172,-0.312053086909,-0.952981100113,-0.455138811155,-0.987025136755,-0.952981100113,-0.562023468597,-0.973091593438,-0.954793604623,-0.719325982545,-0.000664539595257,-0.987492220938,-0.463039751179,-0.0148418382146,-0.0149289909484,-0.778524476981,-0.896315482002,-0.742142295903,-0.786817604308,-0.794360401066,-0.972996270135,-0.336541643347,-0.773194542605,-4.22146054364e-05,-0.783180339433,-0.987025136755,-0.780360131437,-0.014664809224,-0.90477746775,-0.802314449787,-0.465964814807,-0.727047170055,-0.370129489898,-0.857260163166,-0.863104843377,-0.793924637397,-0.719325982545,-0.860604649326,-0.238174803872,-0.586281887347,-0.459730670817,-0.37289114215,-0.813821334172,-0.518455272264,-0.838395681582,-0.420505131798,-0.816817209397,-0.758193378299,-0.435357864104,-0.778524476981,-0.794734885469,-0.803372538446,-0.826286898629,-0.754680033717,-0.746230303823,-0.727817927045,-0.856094495352,-0.790622365843,-0.875202732238,-0.760871963102,-0.000118473247515,-0.812023809037,-0.857938320376,-0.944629417044,-0.871975357565,-0.944629417044,-0.873877738332,-0.776984324764,-0.739846366071,-0.8307194322,-0.873877738332,-0.90477746775,-0.8307194322,-0.919360571286,-0.875202732238,-0.739846366071,-0.906264511271,-0.799272274673,-0.758812979766,-0.750085450532,-0.746853990574,-0.781407326004,-0.763769791501,-0.823841175037,-0.919360571286,-0.746230303823,-0.778427791917,-0.799272274673,-0.860604649326,-0.752064089942,-0.823841175037,-0.000664539595257,-0.849573019692,-0.731911382011,-0.762869667172,-0.752064089942,-0.74120131873,-0.0148418382146,-0.781407326004,-0.765875074727,-0.763769791501,-0.148796951833,-0.896315482002,-0.794947320258,-0.77355268587,-0.762869667172,-0.0024171266016,-0.878905361663,-0.443644182623,-0.74120131873,-0.743858115349,-0.778427791917,-0.75511035034,-0.742142295903,-0.74351495146,-0.895412634151,-0.77355268587,-0.84315095262,-0.795566921725,-0.743858115349,-0.767748858503
152
